733 
-428 
-543 
1998 
-1894 
1577 
1692 
1213 
-1644 
-976 
-675 
736 
-1489 
906 
-1611 
629 
-24 
1142 
880 
1653 
1601 
-680 
814 
-1238 
-1923 
999 
0 
-83 
1657 
450 
481 
1472 
1251 
314 
-1299 
-1066 
1583 
-1931 
-42 
-1361 
1960 
871 
1 
-119 
-1804 
745 
-1875 
-1756 
88 
-1652 
1303 
1300 
911 
-1435 
653 
76 
1937 
610 
1230 
-190 
-277 
1332 
-1707 
-1503 
-1338 
-447 
1357 
1242 
-1801 
-413 
110 
-341 
642 
524 
-853 
-280 
-1985 
1982 
-1364 
-1613 
-523 
-1237 
-43 
-658 
1849 
1721 
-1833 
974 
-946 
-317 
196 
1813 
-337 
1978 
-814 
823 
681 
160 
811 
682 
-1319 
-1524 
2044 
-1348 
-1915 
250 
1564 
692 
-1268 
-537 
-161 
1972 
-1408 
1456 
592 
-507 
-1266 
-294 
-74 
-1554 
366 
-1122 
-473 
339 
-1017 
-859 
479 
-962 
1328 
1976 
943 
-640 
344 
-1607 
1664 
1555 
1301 
-981 
386 
-1956 
-307 
-768 
-1387 
-1316 
-316 
-1663 
403 
-120 
802 
818 
567 
-1911 
-1767 
-739 
126 
632 
-379 
1310 
894 
1919 
128 
-717 
-1616 
454 
1141 
-314 
-1676 
-957 
-1419 
-898 
-246 
111 
-175 
1537 
73 
1817 
564 
1874 
-1063 
721 
-864 
703 
799 
-1770 
-1005 
-1131 
687 
1410 
-638 
1149 
718 
-2021 
418 
-464 
1703 
-2044 
-154 
-310 
-161 
1106 
-728 
1166 
-118 
-1902 
-1328 
908 
-109 
-1423 
-651 
439 
-1263 
976 
-1054 
1709 
-946 
1087 
-1276 
-871 
-1675 
312 
751 
190 
-305 
591 
604 
733 
556 
1823 
-1193 
857 
-1081 
-1559 
439 
-205 
-170 
663 
1107 
-614 
663 
-344 
1400 
1363 
-998 
464 
336 
166 
1515 
-964 
-746 
-1560 
1801 
596 
-85 
570 
183 
603 
